%YAML:1.0

#--------------------------------------------------------------------------------------------
# System config
#--------------------------------------------------------------------------------------------

# When the variables are commented, the system doesn't load a previous session or not store the current one

# If the LoadFile doesn't exist, the system give a message and create a new Atlas from scratch
#System.LoadAtlasFromFile: "Session_MH01_MH02_MH03_Stereo60_Pseudo"

# The store file is created from the current session, if a file with the same name exists it is deleted
#System.SaveAtlasToFile: "Session_MH01_MH02_MH03_Stereo60_Pseudo"

#--------------------------------------------------------------------------------------------
# Camera Parameters. Adjust them!
#--------------------------------------------------------------------------------------------
File.version: "1.0"

Camera.type: "PinHole"

# Camera calibration and distortion parameters (OpenCV) 
Camera1.fx: 543.3842491612453
Camera1.fy: 544.2921261127659
Camera1.cx: 314.6691560896062
Camera1.cy: 247.26840341525454

Camera1.k1: 0.08250689448562169
Camera1.k2: -0.1357393928422835
Camera1.p1: 0.0012531883835860784
Camera1.p2: 0.0023951442112985677

Camera2.fx: 541.3586168114679
Camera2.fy: 542.3068819736292
Camera2.cx: 327.3704383117864
Camera2.cy: 208.34899439192657

Camera2.k1: 0.08253042527833267
Camera2.k2: -0.14505826107635525
Camera2.p1: 0.0013541582378099996
Camera2.p2: 0.0011886703794275369

Camera.width: 640
Camera.height: 480

# Camera frames per second 
Camera.fps: 20

# Color order of the images (0: BGR, 1: RGB. It is ignored if images are grayscale)
Camera.RGB: 1

# Close/Far threshold. Baseline times.
Stereo.ThDepth: 60.0
Stereo.T_c1_c2: !!opencv-matrix
  rows: 4
  cols: 4
  dt: f
  data: [ 0.99831271480545,  0.0158616115139164, -0.0558581483577072,  0.0401933909243019,
          -0.0177897402050583,   0.999256942145947,  -0.034191939350758,  0.0012797676552449,
          0.0552743032629681,  0.0351279497453378,    0.99785308464998, 0.00227151077002913,
                  0,                   0,                   0,                   1]


# Transformation from camera 0 to body-frame (imu)
IMU.T_b_c1: !!opencv-matrix
  rows: 4
  cols: 4
  dt: f
  data: [-0.9976727755515847, -0.034206660583468336, 0.05898251685818121, 0.04138041441812206,
          -0.0320030163799774,  0.998768578967988,    0.0379095318996368, -0.005983829079794054,
          -0.06020664303697006, 0.0359336894570273,  -0.9975389366316613, 0.020398389845683748,
         0.0,         0.0,         0.0,         1.0]

# IMU noise
IMU.NoiseGyro: 0.002 #1.7e-04 # 1.6968e-04
IMU.NoiseAcc: 0.2 #2.0e-03 # 2.0000e-3
IMU.GyroWalk: 6e-5 #1.9393e-05
IMU.AccWalk: 0.002 #3.e-03 # 3.0000e-3
IMU.Frequency: 200.0

#--------------------------------------------------------------------------------------------
# ORB Parameters
#--------------------------------------------------------------------------------------------

# ORB Extractor: Number of features per image
ORBextractor.nFeatures: 1200

# ORB Extractor: Scale factor between levels in the scale pyramid 	
ORBextractor.scaleFactor: 1.2

# ORB Extractor: Number of levels in the scale pyramid	
ORBextractor.nLevels: 8

# ORB Extractor: Fast threshold
# Image is divided in a grid. At each cell FAST are extracted imposing a minimum response.
# Firstly we impose iniThFAST. If no corners are detected we impose a lower value minThFAST
# You can lower these values if your images have low contrast			
ORBextractor.iniThFAST: 20
ORBextractor.minThFAST: 7

#--------------------------------------------------------------------------------------------
# Viewer Parameters
#--------------------------------------------------------------------------------------------
Viewer.KeyFrameSize: 0.05
Viewer.KeyFrameLineWidth: 1.0
Viewer.GraphLineWidth: 0.9
Viewer.PointSize: 2.0
Viewer.CameraSize: 0.08
Viewer.CameraLineWidth: 3.0
Viewer.ViewpointX: 0.0
Viewer.ViewpointY: -0.7
Viewer.ViewpointZ: -1.8
Viewer.ViewpointF: 500.0
Viewer.imageViewScale: 1.0

